P0_status: (289, 383, 422, 484)
P0_desicion: (194, 423, 296, 492)
P0_pot: (154, 412, 268, 482)
P0_funds: (155, 257, 329, 364)
P0_photo: (185, 216, 345, 385)
P1_status: (204, 355, 358, 455)
P1_desicion: (103, 369, 242, 457)
P1_pot: (164, 472, 264, 531)
P1_funds: (127, 532, 198, 582)
P1_photo: (162, 598, 211, 632)
P2_status: (188, 639, 232, 655)
P2_desicion: (172, 496, 207, 530)
P2_pot: (185, 470, 214, 490)
P2_funds: (135, 343, 287, 477)
P2_photo: (209, 355, 259, 399)
P3_status: (259, 361, 350, 453)
P3_desicion: (252, 500, 341, 571)
P3_pot: (228, 539, 352, 579)
P3_funds: (215, 536, 316, 576)
P3_photo: (239, 485, 384, 529)
P4_status: (267, 427, 390, 495)
P4_desicion: (257, 442, 337, 476)
P4_pot: (235, 500, 278, 524)
P4_funds: (117, 488, 302, 577)
P4_photo: (139, 526, 285, 603)
P5_status: (192, 599, 265, 630)
P5_desicion: (198, 641, 276, 670)
P5_pot: (175, 466, 332, 543)
P5_funds: (198, 398, 378, 478)
P5_photo: (203, 352, 364, 428)
P6_status: (227, 315, 412, 402)
P6_desicion: (214, 294, 337, 344)
P6_pot: (344, 332, 424, 360)
P6_funds: (292, 281, 393, 317)
P6_photo: (354, 314, 417, 338)
P7_status: (264, 294, 387, 342)
P7_desicion: (263, 319, 427, 389)
P7_pot: (277, 354, 389, 403)
P7_funds: (290, 410, 355, 454)
P7_photo: (238, 419, 373, 517)
