Pot: (100, 801, 183, 869)
Total_Pot: (128, 259, 408, 556)
Board1_rank: (384, 642, 485, 719)
Board1_suit: (296, 638, 430, 705)
Board2_rank: (487, 634, 529, 665)
Board2_suit: (410, 637, 490, 668)
Board3_rank: (488, 584, 523, 608)
Board3_suit: (408, 615, 499, 651)
Board4_rank: (280, 594, 461, 664)
Board4_suit: (269, 626, 427, 689)
Board5_rank: (279, 664, 445, 718)
Board5_suit: (228, 625, 374, 680)
Hero_hands1_rank: (218, 627, 378, 690)
Hero_hands1_suit: (156, 612, 332, 666)
Hero_hands2_rank: (186, 637, 371, 691)
Hero_hands2_suit: (308, 703, 414, 731)
Hero_Bet: (442, 744, 485, 764)
Hero_Call: (394, 746, 439, 762)
bet1: (407, 753, 513, 783)
bet2: (361, 722, 469, 763)
bet3: (353, 707, 431, 743)
bet4: (340, 686, 539, 772)
bet5: (371, 676, 508, 733)
