Pot: (246, 301, 315, 323)
Total_Pot: (227, 265, 314, 289)
Board1_rank: (95, 468, 128, 510)
Board1_suit: (115, 514, 149, 548)
Board2_rank: (167, 466, 198, 509)
Board2_suit: (188, 515, 222, 545)
Board3_rank: (239, 467, 272, 509)
Board3_suit: (259, 513, 290, 544)
Board4_rank: (311, 468, 345, 508)
Board4_suit: (332, 515, 368, 544)
Board5_rank: (382, 467, 414, 509)
Board5_suit: (404, 512, 437, 542)
Hero_hands1_rank: (209, 902, 241, 941)
Hero_hands1_suit: (228, 947, 260, 974)
Hero_hands2_rank: (275, 903, 304, 939)
Hero_hands2_suit: (295, 949, 326, 972)
Hero_fold: (99, 798, 185, 885)
Hero_bet: (226, 707, 315, 786)
Hero_call: (356, 801, 443, 885)
bet1: (86, 668, 137, 701)
bet2: (163, 647, 219, 676)
bet3: (244, 647, 298, 675)
bet4: (324, 648, 377, 674)
bet5: (402, 672, 456, 700)
